00000000000000000000000000000000
11110000000000100000000000000000
00001000000000010000000000000000
10001000000001100000000000000000
10001000000000100000000000000000
10001000000001100000000000000000
00001000000000100000000000000000
11110000000001100000000000000000
11110000000000100000000000000000
11110000000001100000000000000000
10001000000000100000000000000000
00001000000001100000000000000000
00001000000000100000000000000000
00001000000001100000000000000000
00000000000000000000000000000000
10000000000000000000000000000000
10000000000000000000000000000000
00000000000000000000000000000000
